fw,step,temp,richness,stability,biomass
1.0,1.0,293.15,20.0,1.4758357297508278e-5,0.5172004063120352
2.0,1.0,293.15,29.0,2.828854231919868e-5,2.421783704636651
3.0,1.0,293.15,18.0,0.00011296073627570469,0.5281933461066712
4.0,1.0,293.15,21.0,0.0017014774197467468,0.6256959734365454
5.0,1.0,293.15,19.0,4.3020207425771856e-5,2.2884801658441707
6.0,1.0,293.15,19.0,0.001161189190977358,0.7148590324516999
7.0,1.0,293.15,15.0,2.219168493718643e-7,0.6007017617094502
8.0,1.0,293.15,24.0,0.001937042430376024,1.6514088576664034
9.0,1.0,293.15,19.0,0.0038537664129177384,0.5467715053736545
10.0,1.0,293.15,14.0,0.0005458269418099716,1.2428142370003101
