fw,step,temp,richness,stability,biomass
1.0,1.0,313.15,16.0,4.5396317266758664e-8,0.38352421680724813
2.0,1.0,313.15,22.0,1.5988026248471176e-10,0.6553110900032855
3.0,1.0,313.15,14.0,8.380818031430585e-16,0.2747359074637468
4.0,1.0,313.15,14.0,4.909212440923853e-8,0.38562681538502913
5.0,1.0,313.15,14.0,4.0069704299824834e-10,0.3383738301059525
6.0,1.0,313.15,17.0,2.1050480461845013e-8,0.43494251678316986
7.0,1.0,313.15,12.0,9.914167782129374e-16,0.2424186706459605
8.0,1.0,313.15,14.0,3.8315551513980596e-10,0.48282284035669626
9.0,1.0,313.15,16.0,5.644716404038641e-7,0.687403356997958
10.0,1.0,313.15,7.0,1.8731526873821643e-15,0.202915484420691
